track name="tb_isoformsCSF1R" description="all CSF1R Isoforms" visibility=3 url= 
chr5	150053290	150086590	ENST00000504875.5	0	-	150057545	150086427	12,12,120	20	934,109,100,112,123,98,89,111,105,127,116,191,121,116,193,160,137,285,258,212,	0,1031,1946,2735,2928,3996,4213,7571,8200,8432,14924,16582,16891,17165,20010,23985,24821,26761,27476,33088,
chr5	150053290	150113372	ENST00000286301.7	0	-	150054068	150086427	12,12,120	22	934,109,100,112,123,98,89,163,111,105,127,116,191,121,116,193,160,137,285,258,229,112,	0,1031,1946,2735,2928,3996,4213,6409,7571,8200,8432,14924,16582,16891,17165,20010,23985,24821,26761,27476,33088,59970,
chr5	150053294	150086554	ENST00000675795.1	0	-	150054068	150086427	12,12,120	21	930,109,100,112,123,98,89,163,111,105,127,116,191,121,116,193,160,137,285,258,176,	0,1027,1942,2731,2924,3992,4209,6405,7567,8196,8428,14920,16578,16887,17161,20006,23981,24817,26757,27472,33084,
chr5	150053837	150054820	ENST00000509861.1	0	-	150053837	150053837	254,0,0	2	387,499,	0,484,
chr5	150056025	150061668	ENST00000515068.1	0	-	150058260	150061668	12,12,120	7	112,123,98,89,117,111,73,	0,193,1261,1478,2129,4836,5570,
chr5	150059777	150067181	ENST00000513609.1	0	-	150059777	150059777	254,0,0	4	85,111,359,156,	0,1084,1713,7248,
chr5	150059777	150067181	ENST00000515239.5	0	-	150059777	150059777	0,100,0	5	85,111,105,127,156,	0,1084,1713,1945,7248,
chr5	150070539	150086427	ENST00000543093.1	0	-	150070539	150086427	12,12,120	6	32,160,137,285,258,49,	0,6736,7572,9512,10227,15839,
chr5	150076903	150086554	ENST00000502660.5	0	-	150076903	150076903	254,0,0	5	532,137,285,258,176,	0,1208,3148,3863,9475,
chr5	150080051	150113372	ENST00000511344.1	0	-	150080051	150080199	12,12,120	3	285,258,112,	0,715,33209,
chr5	150094301	150095048	ENST00000468161.1	0	+	150094301	150094301	255,51,255	1	747,	0,
chr5	150098405	150098506	ENST00000362539.1	0	+	150098405	150098405	0,100,0	1	101,	0,
